esphome:
  name: wemos-3

esp8266:
  board: nodemcuv2

# Enable logging
logger:

# Enable Home Assistant API
api:
  #encryption:
  #  key: "xxxxxx"

ota:
  password: "xxxxxx"

wifi:
  ssid: !secret wifi_ssid
  password: !secret wifi_password

  # Enable fallback hotspot (captive portal) in case wifi connection fails
  ap:
    ssid: "Wemos-3 Fallback Hotspot"
    password: "xxxxxx"

captive_portal:

remote_transmitter:
  pin: D2
  carrier_duty_percent: 100%  

switch:
- platform: template
  name: 1_on
  turn_on_action:
  - remote_transmitter.transmit_raw:
      code: [384,-2272,382,-1136,384,-1136,382,-1138,382,-1144,382,-1136,1130,-390,1130,-392,382,-1144,382,-1138,382,-1138,382,-1136,1130,-398,1130,-392,382,-1136,1130,-392,382,-1144,382,-1138,382,-1136,1130,-390,1130,-398,382,-1136,382,-1136,382,-1138,382,-1140,386,-2270,382,-1138,382,-1138,382,-1136,382,-1144,382,-1136,1130,-392,1130,-392,382,-1144,382,-1136,382,-1138,382,-1136,1130,-398,1130,-392,382,-1136,1130,-392,382,-1144,382,-1138,382,-1136,1130,-390,1130,-398,382,-1138,382,-1136,382,-1138,382,-1138,386,-2272,382,-1136,382,-1136,382,-1136,382,-1144,382,-1136,1130,-390,1130,-392,382,-1144,382,-1138,382,-1138,382,-1136,1130,-398,1130,-392,382,-1136,1130,-392,382,-1144,382,-1138,382,-1136,1130,-390,1130,-398,382,-1136,384,-1136,382,-1136,382,-1140,384,-2272,382,-1138,382,-1138,382,-1136,382,-1144,382,-1136,1130,-390,1130,-392,382,-1144,382,-1136,382,-1136,382,-1136,1130,-398,1130,-392,382,-1136,1130,-392,382,-1144,382,-1136,382,-1136,1130,-390,1130,-398,382,-1138,382,-1136,382,-1136,382,-1140,3016,-7034,510,-1016,510,-1016,510,-1016,510,-1024,510,-1014,1010,-520,1010,-518,510,-1024,510,-1016,510,-1016,510,-1016,1010,-526,1010,-520,512,-1014,1010,-520,510,-1024,512,-1016,510,-1016,1010,-518,1010,-526,510,-1016,510,-1018,510,-1016,510,-1018,3016,-7036,510,-1016,512,-1016,510,-1016,510,-1024,510,-1016,1010,-518,1010,-520,512,-1022,510,-1018,510,-1016,510,-1016,1010,-526,1010,-520,510,-1016,1010,-520,510,-1024,510,-1016,510,-1016,1010,-518,1010,-526,510,-1016,510,-1016,510,-1018,510,-1018,3016,-7038,510,-1018,510,-1016,510,-1018,510,-1024,510,-1016,1010,-518,1010,-520,510,-1024,512,-1016,510,-1016,510,-1018,1008,-526,1010,-520,510,-1016,1010,-518,512,-1024,510,-1018,510,-1016,1010,-518,1010,-526,510,-1016,512,-1016,510,-1018,510,-1018,3016,-7038,510,-1018,510,-1016,512,-1016,512,-1022,512,-1016,1010,-518,1010,-520,512,-1022,512,-1016,512,-1016,512,-1016,1010,-526,1010,-520,510,-1016,1010,-520,510,-1024,510,-1018,510,-1016,1010,-520,1010,-528,510,-1018,510,-1018,510,-1016,512]
      repeat:
        times: 2
        wait_time: 1000ms

- platform: template
  name: 1_off
  turn_on_action:
  - remote_transmitter.transmit_raw:
      code: [386,-2272,382,-1138,382,-1138,382,-1138,382,-1142,1130,-392,382,-1136,1130,-390,1130,-400,382,-1136,1130,-390,1130,-392,382,-1144,1130,-390,1130,-390,1130,-390,1130,-398,1130,-392,384,-1136,1130,-392,382,-1144,382,-1138,382,-1136,382,-1138,382,-1140,386,-2272,382,-1136,382,-1138,382,-1138,382,-1144,1130,-392,382,-1136,1130,-390,1132,-398,382,-1136,1130,-390,1130,-392,382,-1144,1130,-390,1130,-392,1130,-390,1130,-398,1130,-392,382,-1136,1130,-390,382,-1144,382,-1136,382,-1138,382,-1138,382,-1140,386,-2272,382,-1138,382,-1138,382,-1138,382,-1142,1130,-392,382,-1136,1130,-390,1130,-398,384,-1136,1130,-390,1130,-390,384,-1142,1130,-390,1130,-390,1130,-390,1130,-398,1130,-392,382,-1136,1130,-392,382,-1146,382,-1138,382,-1138,382,-1136,382,-1140,386,-2272,382,-1136,382,-1138,382,-1138,382,-1144,1130,-392,382,-1136,1130,-390,1132,-398,382,-1136,1130,-390,1130,-392,382,-1144,1130,-390,1130,-390,1130,-390,1130,-398,1130,-392,382,-1136,1130,-392,382,-1144,382,-1138,382,-1138,382,-1136,382,-1140,3018,-7038,510,-1018,510,-1018,510,-1016,512,-1022,1010,-520,512,-1016,1010,-518,1010,-526,510,-1016,1010,-520,1010,-520,510,-1024,1010,-518,1010,-520,1010,-518,1010,-526,1010,-520,510,-1016,1010,-520,510,-1024,512,-1016,510,-1018,510,-1018,510,-1020,3016,-7038,510,-1018,510,-1018,510,-1018,510,-1022,1010,-520,510,-1016,1010,-520,1010,-526,512,-1016,1010,-518,1010,-520,510,-1024,1010,-520,1010,-518,1010,-520,1010,-526,1010,-520,512,-1016,1010,-520,510,-1024,510,-1018,510,-1016,512,-1016,510,-1020,3018,-7038,512,-1016,510,-1018,512,-1018,510,-1022,1010,-520,510,-1016,1010,-518,1010,-528,510,-1016,1010,-518,1010,-520,512,-1024,1010,-520,1010,-518,1010,-518,1010,-526,1010,-520,512,-1016,1010,-520,510,-1024,510,-1018,510,-1018,510,-1018,510,-1020,3018,-7040,510,-1016,512,-1018,510,-1016,512,-1022,1010,-520,512,-1016,1010,-520,1010,-526,512,-1016,1010,-518,1010,-520,512,-1024,1010,-518,1010,-518,1010,-520,1010,-526,1010,-520,512,-1016,1010,-520,510,-1024,510,-1018,510,-1018,510,-1016,510]
      repeat:
        times: 2
        wait_time: 1000ms

- platform: template
  name: 2_on
  turn_on_action:
  - remote_transmitter.transmit_raw:
      code: [386,-2272,382,-1136,382,-1138,382,-1138,382,-1142,1130,-390,1130,-390,1130,-390,1130,-398,382,-1136,1130,-390,384,-1136,1130,-398,382,-1136,1130,-392,384,-1136,1130,-398,382,-1136,1132,-390,382,-1138,382,-1144,382,-1136,1130,-392,382,-1138,382,-1138,386,-2272,382,-1138,382,-1136,382,-1138,382,-1144,1130,-390,1130,-390,1130,-390,1130,-398,382,-1136,1130,-392,382,-1136,1130,-398,382,-1136,1130,-392,382,-1136,1130,-400,382,-1136,1130,-392,382,-1136,382,-1144,384,-1136,1130,-392,382,-1138,382,-1138,386,-2270,382,-1138,382,-1136,384,-1136,382,-1144,1130,-392,1130,-390,1130,-390,1130,-398,382,-1138,1130,-392,382,-1136,1130,-398,382,-1136,1130,-392,382,-1136,1130,-398,382,-1136,1130,-390,382,-1138,382,-1144,382,-1136,1130,-392,382,-1138,382,-1138,386,-2270,384,-1136,382,-1136,382,-1138,382,-1144,1130,-390,1130,-390,1130,-390,1130,-398,382,-1136,1130,-392,382,-1136,1130,-398,382,-1136,1130,-392,382,-1136,1130,-398,382,-1136,1130,-392,382,-1138,382,-1144,382,-1136,1130,-392,382,-1138,382,-1138,3018,-7036,512,-1016,510,-1016,512,-1016,510,-1022,1010,-518,1010,-518,1010,-518,1010,-526,512,-1016,1010,-520,510,-1016,1010,-526,512,-1016,1010,-520,510,-1016,1010,-526,510,-1016,1010,-520,510,-1016,510,-1024,510,-1016,1010,-520,510,-1016,510,-1020,3016,-7036,510,-1016,510,-1018,510,-1016,510,-1024,1010,-518,1010,-518,1010,-518,1010,-526,510,-1016,1010,-520,510,-1016,1010,-526,510,-1018,1010,-518,512,-1016,1010,-526,510,-1016,1010,-518,512,-1016,510,-1024,510,-1016,1010,-520,510,-1018,510,-1018,3016,-7038,510,-1018,510,-1016,512,-1016,510,-1024,1010,-518,1010,-520,1010,-518,1010,-528,510,-1016,1010,-520,510,-1016,1010,-526,512,-1016,1010,-520,512,-1016,1010,-526,510,-1016,1010,-520,510,-1016,510,-1024,510,-1016,1010,-520,510,-1018,510,-1018,3016,-7038,512,-1016,510,-1018,510,-1016,512,-1022,1010,-520,1010,-518,1010,-518,1010,-526,512,-1016,1010,-520,510,-1016,1010,-526,510,-1016,1010,-520,512,-1016,1010,-526,512,-1016,1010,-520,510,-1018,510,-1024,510,-1016,1010,-520,510,-1016,510]
      repeat:
        times: 2
        wait_time: 1000ms

- platform: template
  name: 2_off
  turn_on_action:
  - remote_transmitter.transmit_raw:
      code: [386,-2270,382,-1136,382,-1136,382,-1138,382,-1142,1130,-390,1130,-392,382,-1136,382,-1142,1130,-392,1130,-390,1130,-390,1130,-398,1130,-392,382,-1136,1132,-390,1130,-398,1130,-392,382,-1136,382,-1136,1130,-398,382,-1136,1132,-390,382,-1138,382,-1140,386,-2272,382,-1138,382,-1138,382,-1138,382,-1144,1130,-390,1130,-392,382,-1138,382,-1142,1130,-390,1130,-390,1130,-392,1128,-398,1130,-392,382,-1136,1130,-390,1130,-398,1130,-392,382,-1138,382,-1136,1132,-398,382,-1136,1130,-392,382,-1138,382,-1138,386,-2272,382,-1136,382,-1138,382,-1136,382,-1144,1130,-390,1132,-390,382,-1138,382,-1142,1132,-390,1130,-390,1130,-390,1130,-398,1132,-390,382,-1136,1130,-392,1130,-398,1130,-390,382,-1138,382,-1136,1130,-398,382,-1136,1130,-392,382,-1138,382,-1138,386,-2272,382,-1136,382,-1138,382,-1136,382,-1144,1130,-390,1130,-390,382,-1136,382,-1142,1130,-390,1130,-390,1130,-390,1130,-398,1130,-392,382,-1138,1130,-390,1130,-398,1130,-392,382,-1136,384,-1136,1130,-398,382,-1136,1130,-392,384,-1136,382,-1140,3016,-7038,512,-1016,510,-1016,510,-1018,510,-1024,1010,-518,1010,-520,510,-1016,510,-1024,1010,-518,1010,-518,1010,-518,1010,-526,1010,-520,510,-1016,1010,-518,1010,-526,1010,-520,510,-1016,510,-1016,1010,-526,512,-1014,1010,-520,510,-1016,510,-1020,3016,-7038,510,-1016,510,-1016,512,-1016,510,-1022,1010,-518,1010,-518,510,-1016,510,-1022,1010,-520,1010,-518,1010,-518,1010,-526,1010,-520,512,-1014,1010,-518,1010,-526,1010,-520,510,-1016,510,-1016,1010,-526,512,-1016,1010,-520,510,-1018,510,-1020,3016,-7036,510,-1016,510,-1016,510,-1018,510,-1022,1010,-518,1010,-520,512,-1016,510,-1024,1010,-518,1010,-520,1010,-518,1010,-526,1010,-520,512,-1014,1010,-518,1010,-526,1010,-520,510,-1016,512,-1016,1010,-526,510,-1016,1010,-518,510,-1018,510,-1018,3016,-7036,510,-1016,510,-1018,510,-1016,512,-1022,1010,-518,1010,-520,512,-1016,510,-1022,1010,-518,1010,-518,1010,-518,1010,-526,1010,-520,510,-1016,1010,-518,1010,-526,1010,-520,510,-1018,510,-1016,1010,-526,510,-1016,1010,-520,510,-1018,510]
      repeat:
        times: 2
        wait_time: 1000ms

- platform: template
  name: 3_on
  turn_on_action:
  - remote_transmitter.transmit_raw:
      code: [386,-2272,384,-1136,382,-1138,382,-1138,384,-1142,1130,-390,1130,-390,1130,-390,1130,-398,382,-1136,1130,-392,382,-1136,1132,-398,382,-1136,1130,-392,382,-1136,1130,-398,384,-1136,1130,-392,382,-1138,382,-1144,1130,-390,1130,-390,382,-1138,382,-1140,386,-2272,382,-1138,382,-1138,382,-1138,384,-1142,1130,-390,1130,-390,1130,-390,1130,-400,382,-1136,1130,-392,382,-1136,1130,-400,382,-1136,1130,-392,382,-1136,1130,-398,382,-1136,1130,-392,382,-1138,382,-1144,1130,-390,1130,-392,382,-1138,382,-1140,386,-2272,382,-1138,382,-1138,382,-1138,382,-1144,1130,-390,1130,-390,1130,-390,1130,-398,382,-1136,1130,-392,382,-1136,1130,-398,382,-1136,1130,-392,382,-1138,1130,-398,382,-1136,1130,-392,382,-1138,382,-1144,1130,-390,1130,-392,382,-1138,382,-1140,386,-2272,382,-1138,384,-1136,382,-1138,382,-1144,1130,-390,1130,-390,1130,-390,1130,-398,382,-1136,1130,-392,382,-1136,1130,-398,382,-1136,1130,-392,382,-1136,1130,-398,382,-1136,1130,-392,382,-1138,382,-1144,1130,-390,1130,-392,382,-1136,382,-1138,3016,-7038,510,-1018,510,-1016,510,-1018,510,-1024,1010,-518,1010,-518,1010,-518,1010,-526,510,-1016,1010,-518,510,-1016,1010,-526,512,-1016,1010,-520,510,-1016,1008,-528,510,-1016,1010,-520,510,-1016,512,-1022,1010,-520,1010,-520,510,-1018,512,-1018,3016,-7038,512,-1016,510,-1016,510,-1018,510,-1024,1010,-518,1010,-518,1010,-518,1010,-526,510,-1016,1010,-520,510,-1016,1010,-526,512,-1016,1010,-520,510,-1016,1010,-526,512,-1016,1010,-520,510,-1016,512,-1022,1010,-518,1010,-520,510,-1018,512,-1018,3016,-7038,510,-1018,510,-1018,510,-1018,510,-1024,1010,-518,1010,-518,1010,-518,1010,-526,512,-1016,1010,-520,510,-1016,1010,-526,512,-1016,1010,-520,510,-1016,1010,-528,510,-1016,1010,-520,512,-1016,510,-1024,1010,-520,1010,-520,512,-1016,512,-1018,3016,-7038,512,-1016,512,-1016,512,-1016,512,-1022,1010,-520,1010,-520,1010,-518,1010,-528,510,-1016,1010,-520,512,-1016,1010,-526,510,-1016,1010,-520,510,-1016,1010,-528,510,-1016,1010,-520,512,-1016,510,-1024,1010,-518,1010,-520,510,-1016,512]
      repeat:
        times: 2
        wait_time: 1000ms

- platform: template
  name: 3_off
  turn_on_action:
  - remote_transmitter.transmit_raw:
      code: [386,-2272,382,-1138,382,-1138,382,-1136,384,-1142,1130,-392,1130,-392,382,-1138,382,-1144,1130,-392,1130,-390,1130,-390,1130,-398,1130,-392,382,-1136,1130,-390,1130,-398,1130,-392,382,-1138,382,-1136,1130,-398,1130,-392,1130,-392,382,-1138,382,-1140,386,-2272,382,-1138,382,-1138,382,-1136,382,-1144,1130,-390,1130,-392,382,-1138,382,-1144,1130,-392,1130,-390,1130,-390,1130,-398,1130,-392,382,-1136,1130,-390,1130,-398,1130,-392,382,-1136,382,-1136,1130,-398,1130,-390,1130,-392,382,-1138,382,-1138,386,-2272,382,-1136,382,-1138,382,-1138,382,-1142,1130,-390,1130,-392,382,-1136,382,-1144,1130,-390,1130,-390,1130,-390,1130,-398,1130,-392,382,-1136,1130,-390,1130,-398,1130,-392,382,-1136,382,-1136,1130,-398,1130,-390,1130,-392,384,-1136,382,-1140,386,-2272,382,-1138,382,-1136,382,-1138,382,-1142,1130,-390,1130,-390,384,-1136,382,-1142,1130,-390,1130,-390,1130,-390,1130,-398,1130,-392,382,-1136,1130,-390,1130,-398,1130,-390,382,-1138,382,-1136,1130,-396,1130,-390,1130,-392,382,-1138,382,-1138,3016,-7034,510,-1016,510,-1016,510,-1016,512,-1022,1010,-518,1010,-520,510,-1018,510,-1022,1010,-518,1010,-518,1010,-518,1010,-526,1010,-520,512,-1014,1010,-518,1010,-526,1010,-518,510,-1016,510,-1016,1010,-526,1010,-518,1010,-520,512,-1016,510,-1018,3016,-7036,512,-1016,510,-1018,510,-1016,510,-1022,1010,-520,1008,-520,510,-1016,510,-1024,1010,-518,1010,-518,1010,-518,1010,-526,1010,-520,510,-1016,1010,-518,1010,-526,1010,-520,510,-1016,510,-1016,1010,-526,1010,-518,1010,-520,510,-1016,510,-1018,3016,-7036,510,-1016,510,-1016,510,-1016,510,-1024,1010,-518,1010,-520,510,-1016,510,-1022,1010,-518,1010,-520,1008,-518,1010,-526,1010,-520,510,-1016,1010,-518,1010,-526,1010,-520,510,-1018,512,-1014,1010,-526,1010,-518,1010,-520,510,-1016,510,-1018,3016,-7036,510,-1016,512,-1016,510,-1016,510,-1024,1010,-518,1010,-520,510,-1018,510,-1022,1010,-518,1010,-518,1010,-518,1010,-526,1010,-520,510,-1016,1010,-518,1010,-526,1010,-520,510,-1016,510,-1016,1010,-524,1010,-518,1010,-520,510,-1016,512]
      repeat:
        times: 2
        wait_time: 1000ms

- platform: template
  name: 4_on
  turn_on_action:
  - remote_transmitter.transmit_raw:
      code: [386,-2272,382,-1136,382,-1136,382,-1138,382,-1144,382,-1136,382,-1138,382,-1136,1130,-398,382,-1136,1130,-392,382,-1138,382,-1146,382,-1136,382,-1136,382,-1138,382,-1144,382,-1138,382,-1136,1130,-390,382,-1144,384,-1136,382,-1136,1130,-392,382,-1138,386,-2272,382,-1138,382,-1136,384,-1136,382,-1144,382,-1138,382,-1138,382,-1136,1130,-398,382,-1136,1130,-392,382,-1138,382,-1144,384,-1136,382,-1138,382,-1136,382,-1144,382,-1136,382,-1136,1130,-392,382,-1144,382,-1138,382,-1136,1130,-390,382,-1140,384,-2272,382,-1136,384,-1136,382,-1136,382,-1144,382,-1136,384,-1136,382,-1136,1130,-398,382,-1136,1130,-392,382,-1138,382,-1144,382,-1138,382,-1138,382,-1136,382,-1144,382,-1136,382,-1136,1130,-392,382,-1144,382,-1138,382,-1136,1130,-392,382,-1140,386,-2272,382,-1136,382,-1136,382,-1138,382,-1144,382,-1138,382,-1138,382,-1136,1130,-398,382,-1136,1130,-392,382,-1136,382,-1144,382,-1138,382,-1138,382,-1138,382,-1144,382,-1136,382,-1136,1130,-392,382,-1144,382,-1138,382,-1136,1130,-392,382,-1138,3016,-7038,510,-1016,512,-1016,510,-1016,512,-1024,510,-1018,510,-1018,510,-1016,1010,-526,510,-1016,1010,-520,510,-1016,512,-1024,512,-1016,510,-1016,512,-1018,510,-1024,512,-1016,510,-1016,1010,-520,510,-1024,512,-1016,510,-1016,1010,-520,510,-1018,3016,-7036,510,-1016,510,-1018,510,-1016,512,-1024,510,-1016,510,-1018,510,-1016,1010,-526,510,-1016,1010,-520,512,-1016,510,-1024,510,-1018,510,-1018,510,-1016,510,-1024,510,-1016,510,-1016,1010,-520,510,-1024,510,-1016,510,-1016,1010,-520,512,-1018,3016,-7038,510,-1018,510,-1018,510,-1016,512,-1024,510,-1016,510,-1018,510,-1016,1010,-526,510,-1016,1010,-520,510,-1018,510,-1024,512,-1016,510,-1018,510,-1018,510,-1024,510,-1018,510,-1016,1010,-520,510,-1024,510,-1018,510,-1016,1010,-520,510,-1020,3016,-7038,510,-1016,510,-1018,510,-1016,510,-1026,510,-1018,510,-1016,510,-1016,1010,-526,510,-1016,1010,-520,510,-1016,510,-1024,510,-1018,510,-1016,512,-1016,510,-1024,510,-1018,510,-1016,1010,-520,512,-1024,510,-1018,510,-1016,1010,-520,512]
      repeat:
        times: 2
        wait_time: 1000ms

- platform: template
  name: 4_off
  turn_on_action:
  - remote_transmitter.transmit_raw:
      code: [386,-2272,382,-1138,382,-1138,382,-1138,382,-1142,1130,-392,382,-1136,1130,-392,382,-1144,1130,-390,1130,-392,382,-1138,382,-1144,382,-1138,382,-1138,382,-1136,1130,-398,1130,-392,382,-1136,1130,-390,1130,-398,382,-1138,384,-1136,1130,-392,382,-1140,386,-2272,382,-1138,382,-1138,382,-1136,382,-1144,1130,-392,382,-1136,1130,-392,382,-1144,1130,-390,1130,-392,382,-1138,382,-1144,382,-1138,382,-1138,382,-1136,1130,-396,1132,-390,382,-1136,1130,-390,1130,-398,382,-1138,382,-1136,1130,-392,382,-1138,386,-2272,382,-1138,382,-1138,382,-1138,382,-1144,1130,-392,382,-1136,1130,-392,382,-1144,1130,-390,1130,-392,382,-1138,382,-1144,382,-1138,384,-1136,382,-1136,1130,-398,1130,-392,382,-1136,1130,-390,1130,-398,382,-1138,382,-1136,1130,-392,382,-1140,386,-2272,382,-1136,382,-1138,382,-1138,382,-1144,1130,-392,384,-1136,1130,-392,382,-1144,1130,-390,1130,-392,382,-1138,382,-1144,382,-1136,382,-1138,382,-1136,1130,-398,1130,-392,382,-1136,1130,-390,1130,-398,382,-1136,382,-1136,1130,-392,382,-1140,3018,-7038,510,-1018,510,-1016,512,-1016,510,-1024,1010,-520,512,-1016,1010,-520,510,-1024,1010,-518,1010,-520,510,-1018,510,-1024,510,-1016,512,-1016,512,-1016,1010,-526,1010,-520,510,-1016,1010,-520,1010,-528,510,-1016,512,-1016,1010,-520,510,-1018,3016,-7040,510,-1018,510,-1016,512,-1016,514,-1020,1010,-520,510,-1016,1010,-520,512,-1022,1010,-518,1010,-520,510,-1016,512,-1024,510,-1018,510,-1018,510,-1016,1010,-526,1010,-520,510,-1016,1010,-518,1010,-526,510,-1018,510,-1016,1010,-520,510,-1020,3016,-7038,512,-1016,512,-1016,510,-1016,512,-1024,1010,-520,510,-1016,1010,-520,512,-1022,1010,-520,1010,-520,510,-1016,512,-1024,510,-1018,510,-1016,512,-1016,1010,-526,1010,-520,510,-1016,1010,-518,1010,-528,510,-1016,512,-1016,1010,-520,510,-1020,3016,-7038,510,-1018,510,-1018,510,-1018,510,-1022,1010,-520,510,-1016,1010,-520,512,-1022,1010,-520,1010,-520,512,-1016,512,-1024,510,-1018,510,-1018,510,-1016,1010,-526,1010,-520,510,-1016,1010,-518,1010,-526,512,-1016,510,-1016,1010,-518,512]
      repeat:
        times: 2
        wait_time: 1000ms

- platform: template
  name: all_on
  turn_on_action:
  - remote_transmitter.transmit_raw:
      code: [386,-2272,382,-1136,382,-1138,382,-1138,382,-1144,382,-1138,382,-1136,382,-1136,1130,-398,382,-1136,1130,-392,382,-1136,382,-1144,382,-1138,382,-1136,382,-1138,382,-1144,382,-1138,382,-1136,1130,-392,382,-1142,1130,-392,382,-1136,1130,-392,382,-1140,386,-2270,382,-1136,382,-1136,382,-1136,382,-1144,382,-1138,382,-1136,382,-1136,1130,-398,382,-1136,1130,-390,384,-1136,382,-1144,382,-1136,382,-1136,382,-1136,382,-1144,382,-1136,382,-1136,1130,-390,382,-1144,1130,-392,382,-1136,1130,-392,382,-1138,386,-2270,382,-1136,382,-1138,382,-1138,382,-1144,382,-1138,382,-1138,382,-1136,1130,-398,382,-1136,1130,-392,382,-1138,382,-1144,382,-1136,382,-1136,382,-1138,382,-1144,382,-1136,382,-1136,1130,-392,382,-1142,1130,-392,382,-1136,1130,-392,382,-1138,386,-2272,382,-1136,382,-1138,382,-1138,382,-1144,382,-1138,382,-1138,382,-1136,1130,-398,382,-1136,1130,-392,382,-1136,382,-1144,382,-1136,382,-1136,382,-1138,382,-1144,382,-1138,382,-1136,1130,-390,382,-1142,1130,-392,382,-1136,1130,-390,382,-1140,3016,-7036,510,-1016,510,-1016,512,-1016,510,-1024,512,-1016,510,-1016,510,-1016,1010,-526,512,-1016,1010,-520,510,-1018,510,-1024,510,-1016,510,-1018,510,-1018,510,-1024,510,-1018,510,-1016,1010,-520,510,-1022,1010,-520,510,-1016,1010,-520,512,-1018,3016,-7036,510,-1018,510,-1018,510,-1018,510,-1024,510,-1016,510,-1016,510,-1016,1010,-526,510,-1016,1010,-520,510,-1016,512,-1024,510,-1016,512,-1016,510,-1016,510,-1024,510,-1018,510,-1016,1010,-520,512,-1022,1010,-520,512,-1016,1010,-520,510,-1018,3016,-7038,510,-1016,510,-1016,510,-1018,510,-1024,512,-1016,512,-1016,510,-1016,1010,-526,510,-1016,1010,-520,510,-1018,510,-1024,510,-1016,512,-1016,510,-1016,512,-1024,510,-1016,512,-1016,1010,-520,510,-1024,1010,-518,510,-1016,1010,-520,510,-1018,3016,-7036,510,-1018,510,-1016,510,-1018,510,-1024,510,-1018,510,-1016,512,-1016,1010,-528,510,-1016,1010,-520,510,-1018,510,-1024,510,-1016,512,-1018,510,-1016,512,-1024,512,-1016,512,-1016,1010,-520,510,-1024,1010,-518,512,-1016,1010,-520,512]
      repeat:
        times: 2
        wait_time: 1000ms

- platform: template
  name: all_off
  turn_on_action:
  - remote_transmitter.transmit_raw:
      code: [386,-2270,382,-1136,382,-1136,382,-1138,382,-1142,1130,-392,382,-1136,1130,-392,382,-1144,1130,-392,1130,-390,382,-1136,384,-1144,382,-1138,382,-1138,382,-1136,1130,-396,1130,-390,382,-1136,1130,-390,1130,-398,1130,-390,382,-1136,1130,-392,382,-1138,386,-2272,382,-1138,382,-1136,382,-1136,382,-1144,1130,-390,382,-1136,1130,-390,382,-1144,1130,-390,1130,-392,382,-1136,382,-1144,382,-1136,382,-1136,382,-1136,1130,-398,1130,-390,384,-1134,1130,-390,1130,-396,1130,-390,382,-1136,1130,-392,382,-1138,386,-2270,382,-1138,382,-1138,382,-1136,382,-1144,1130,-392,382,-1136,1130,-392,382,-1142,1130,-390,1130,-392,382,-1138,382,-1144,382,-1136,384,-1136,382,-1136,1130,-398,1130,-390,382,-1136,1130,-390,1130,-398,1130,-392,382,-1136,1130,-390,382,-1138,386,-2272,382,-1136,382,-1136,382,-1138,382,-1142,1130,-390,384,-1136,1130,-392,382,-1142,1130,-390,1130,-392,382,-1136,382,-1144,382,-1138,382,-1136,382,-1136,1130,-398,1130,-392,382,-1136,1130,-390,1130,-398,1130,-392,382,-1136,1130,-392,382,-1138,3016,-7036,510,-1016,510,-1016,510,-1018,510,-1022,1010,-520,512,-1016,1010,-520,510,-1024,1010,-520,1010,-520,510,-1016,510,-1024,510,-1016,512,-1016,510,-1016,1010,-526,1010,-520,510,-1016,1010,-518,1010,-526,1010,-520,512,-1016,1010,-520,510,-1018,3018,-7036,510,-1018,510,-1016,512,-1016,510,-1022,1010,-520,510,-1016,1010,-520,510,-1022,1010,-518,1010,-520,510,-1016,512,-1024,510,-1018,510,-1018,510,-1016,1010,-526,1010,-520,510,-1016,1010,-518,1010,-526,1010,-520,510,-1016,1010,-520,512,-1018,3016,-7034,512,-1016,510,-1016,510,-1016,510,-1022,1010,-520,510,-1016,1008,-520,510,-1024,1010,-518,1010,-520,510,-1016,510,-1024,510,-1018,510,-1016,510,-1016,1010,-526,1010,-520,510,-1016,1010,-518,1010,-526,1010,-520,510,-1016,1010,-520,510,-1020,3016,-7036,510,-1018,510,-1018,510,-1016,510,-1024,1010,-520,510,-1016,1010,-520,510,-1022,1010,-518,1010,-520,512,-1016,510,-1024,510,-1016,510,-1016,510,-1016,1010,-524,1010,-520,510,-1016,1010,-520,1010,-526,1010,-520,510,-1016,1010,-520,510]
      repeat:
        times: 2
        wait_time: 1000ms
      
